222444332 344443421
252445424 244444451
322323224 433333333
452434343 551.42443
224434424 244444434
221344433 242213344
222334444 323422343
211324224 444323322
123223212 242321132
222424222 241422222
222545432 223422332
222434222 243322243
344444324 224433344
111423422 233233333
222434423 234443333
221333334 222143222
44344442. 433.33344
221344234 433122332
231133213 432442322
455524354 245353355
224434222 444.42442
444433242 231.43321
224522322 242422342
33222433. 2243.3.32
231333322 233332133
352433424 322322322
242423323 233311244
332444423 333443322
121333212 233211344
442434424 442432222
242424444 422441222
323535252 544.33333
252442224 444422244
424422425 .24.34433
252222224 224322244
233312222 223423311
342232412 143311211
344223222 242444222
223244223 213323233
113432425 555522331
344553245 555553444
222344422 222332333
352525452 544422224
424434434 424333433
344424212 113322444
232322224 222332243
341334313 322411222
222444433 423.44443
232333213 244.22222
212243342 444422222
324233221 212332344
232224332 323232344
5125422.2 152311144
443445344 333443344
322344243 433332333
322524424 444442442
222422222 422322233
233334434 423.33343
242434424 244422333
242224422 242244422
112434322 322333343
234544322 443422412
233322232 122322233
344433344 433332244
224444415 555533333
3322323.3 3.2233222
443444442 444322322
342344322 232.22232
343543255 545522355
223334212 223233322
243444234 234332322
442434443 333432233
332222222 231222233
234444342 224442333
324555244 233.22444
232424312 233322233
442334433 223433444
232444331 413422223
321444242 224312132
111233222 453222233
324434423 433433343
222423424 434332222
334544443 334.22344
221123332 454344333
44.54.344 222322344
2.222.222 424422244
255555255 225222242
242422222 423322322
222444222 222.2234.
555255552 222444242
322523344 244423433
433444332 444.34344
424524445 555544442
222423222 244333332
344425444 433344444
222444332 323223323
444442223 242422233
224422222 222422233
441232222 222332322
333222214 222332333
222444422 222211122
554424112 223333333
232444413 212.22233
222532142 322222244
442244424 424.22444
332223424 422333442
254453455 .11522342
344444332 323323342
212344344 243342244
223424244 223222243
315255355 155511144
452522222 245.22344
254424322 242422.4.
124533222 434433322
322424224 224422222
322333223 223332234
344444324 434422344
442244225 252.43242
443433442 344433344
244444442 444443344
332433343 223222233
23344.422 223332322
221334212 424322322
334444323 342333333
342333232 24..44433
425544442 242444233
214444422 .44.11133
42425543. 252433322
342434324 422444433
322234334 443333444